5545.000000 552.000000 55.000000 2555.000000 25.225000 55.250000 0.014000 552.000000 5.254000 0.000000
55.000000 5.000000 55.000000 2.000000 2.500000 5.000000 0.400000 2.000000 54.000000 0.000000
5545.000000 552.000000 55.000000 2555.000000 25.225000 55.250000 0.014000 552.000000 5.254000 0.000000
5545.000000 552.000000 55.000000 2555.000000 25.225000 55.250000 0.014000 552.000000 5.254000 0.000000
5545.000000 552.000000 55.000000 2555.000000 25.225000 55.250000 0.014000 552.000000 5.254000 0.000000
5545.000000 552.000000 55.000000 2555.000000 25.225000 55.250000 0.014000 552.000000 5.254000 0.000000
5545.000000 552.000000 55.000000 2555.000000 25.225000 55.250000 0.014000 552.000000 5.254000 0.000000
55.000000 5.000000 55.000000 2.000000 2.500000 5.000000 0.400000 2.000000 54.000000 0.000000
55.000000 5.000000 55.000000 2.000000 2.500000 5.000000 0.400000 2.000000 54.000000 0.000000
55.000000 5.000000 55.000000 2.000000 2.500000 5.000000 0.400000 2.000000 54.000000 0.000000
5545.000000 552.000000 55.000000 2555.000000 25.225000 55.250000 0.014000 552.000000 5.254000 0.000000
55.000000 5.000000 55.000000 2.000000 2.500000 5.000000 0.400000 2.000000 54.000000 0.000000
5545.000000 552.000000 55.000000 2555.000000 25.225000 55.250000 0.014000 552.000000 5.254000 0.000000
5545.000000 552.000000 55.000000 2555.000000 25.225000 55.250000 0.014000 552.000000 5.254000 0.000000
5545.000000 552.000000 55.000000 2555.000000 25.225000 55.250000 0.014000 552.000000 5.254000 0.000000
5545.000000 552.000000 55.000000 2555.000000 25.225000 55.250000 0.014000 552.000000 5.254000 0.000000
5545.000000 552.000000 55.000000 2555.000000 25.225000 55.250000 0.014000 552.000000 5.254000 0.000000
55.000000 5.000000 55.000000 2.000000 2.500000 5.000000 0.400000 2.000000 54.000000 0.000000
55.000000 5.000000 55.000000 2.000000 2.500000 5.000000 0.400000 2.000000 54.000000 0.000000
5545.000000 552.000000 55.000000 2555.000000 25.225000 55.250000 0.014000 552.000000 5.254000 0.000000
5545.000000 552.000000 55.000000 2555.000000 25.225000 55.250000 0.014000 552.000000 5.254000 0.000000
5545.000000 552.000000 55.000000 2555.000000 25.225000 55.250000 0.014000 552.000000 5.254000 0.000000
5545.000000 552.000000 55.000000 2555.000000 25.225000 55.250000 0.014000 552.000000 5.254000 0.000000
5545.000000 552.000000 55.000000 2555.000000 25.225000 55.250000 0.014000 552.000000 5.254000 0.000000
55.000000 5.000000 55.000000 2.000000 2.500000 5.000000 0.400000 2.000000 54.000000 0.000000
